0.000000 0.483198 0.468134 0.655852 0.672074 0.573581 0.629200 0.323291 0.634994 0.670915 
0.483198 0.000000 0.485516 0.683662 0.675550 0.570104 0.632677 0.324450 0.650058 0.657010 
0.468134 0.485516 0.000000 0.584009 0.575898 0.314021 0.491309 0.301275 0.490151 0.585168 
0.655852 0.683662 0.584009 0.000000 0.630359 0.473928 0.309386 0.638470 0.564311 0.478563 
0.672074 0.675550 0.575898 0.63 0359 0.000000 0.488992 0.587486 0.647740 0.303592 0.622248 
0.573581 0.570104 0.314021 0.473928 0.488992 0.000000 0.297798 0.491309 0.320973 0.482039 
0.629200 0.632677 0.491309 0.309386 0.587486 0.297798 0.000000 0.587486 0.456547 0.308227 
0.323291 0.324450 0.301275 0.638470 0.647740 0.491309 0.587486 0.000000 0.594438 0.629200 
0.634994 0.650058 0.490151 0.564311 0.303592 0.320973 0.456547 0.594438 0.000000 0.564311 
0.670915 0.657010 0.585168 0.478563 0.622248 0.482039 0.308227 0.629200 0.564311 0.000000 
