18444.8813789
3247.20017446
3362.22711446
3403.30128446
3465.23630446
3532.34387446
3580.26324446
3619.37590446
3708.32182446
3716.42866446
3839.36231446
3844.52362446
3931.55565446
3936.41507446
4032.60333446
4073.47398446
4195.66666446
4201.53256446
4326.70715446
4348.60097446
4413.73918446
4461.68503446
4528.76612446
4575.72796446
4643.79306446
4688.81202446
4745.83348446
4806.85639446
4844.90189446
4920.89932446
5001.00300446
5057.95823446
5115.04593446
5195.01714446
5266.05425446
5278.10926446
5365.12266446
5365.14129446
5468.15048446
5493.18124446
5571.15967446
5640.24965446
5708.21858446
5768.34461446
5821.30264446
5855.37664446
5878.32410446
5926.41375446
6007.36669446
6040.45668446
6153.54074446
6163.46780446
6281.63570446
6291.56276446
6419.62134446
6444.69903446
6550.66183446
6572.75761446
6663.74589446
6687.78455446
6849.82520446
6873.86386446
6962.90926446
7004.90435446
7099.96817446
7101.95711446
7156.98963446
7172.99422446
7244.02166446
7359.07353446
7381.08057446
7416.09499446
7496.10751446
7515.16340446
7602.19543446
7609.19157446
7716.23836446
7722.27563446
7850.37059446
7872.33947446
7937.40262446
7987.36641446
8038.45030446
8116.40900446
8125.48233446
8231.43594446
8238.56639446
8330.50435446
8369.60688446
8429.57276446
8500.64737446
8592.63609446
8629.68996446
8739.70450446
8743.73289446
8846.74208446
8867.76308446
8959.82614446
9014.83149446
9115.92725446
9142.89007446
9172.94871446
9271.93266446
9301.99130446
9328.95412446
9430.04988446
9485.05523446
9577.11829446
9598.13929446
9701.14848446
9705.17687446
9815.19141446
9852.24528446
9944.23400446
10015.3086145
10075.2744945
10114.3770245
10206.3149845
10213.4454345
10319.3990445
10328.4723745
10406.4310745
10457.5149645
10507.4787545
10572.5419045
10594.5107845
10722.6057445
10728.6430145
10835.6898045
10842.6859445
10929.7179745
10948.7738645
11028.7863845
11063.8008045
11085.8078445
11200.8597145
11271.8871545
11287.8917445
11342.9242645
11344.9132045
11439.9770245
11481.9721145
11571.0175145
11595.0561745
11757.0968245
11781.1354845
11872.1237645
11894.2195445
12000.1823445
12025.2600345
12153.3186145
12163.2456745
12281.4135745
12291.3406345
12404.4246945
12437.5146845
12518.4676245
12566.5572745
12589.5047345
12623.5787345
12676.5367645
12736.6627945
12804.6317245
12873.7217045
12951.7001345
12976.7308945
13079.7400845
13079.7587145
13166.7721145
13178.8271245
13249.8642345
13329.8354445
13386.9231445
13443.8783745
13523.9820545
13599.9794845
13638.0249845
13699.0478945
13756.0693545
13801.0883145
13869.1534145
13916.1152545
13983.1963445
14031.1421945
14096.2804045
14118.1742245
14243.3488145
14249.2147145
14371.4073945
14412.2780445
14508.4663045
14513.3257245
14600.3577545
14605.5190645
14728.4527145
14736.5595545
14825.5054745
14864.6181345
14912.5375045
14979.6450745
15041.5800945
15082.6542645
15197.6812045